0.053445492
0.0409366
0.10236004
0.086829424
0.014960893
0.013675002
0.18976435
0.10657247
0.0023205911
-0.039096028
-0.19707592
-0.07746664
0.076162115
-0.023214467
0.056293376
-0.04596745
-0.23947011
0.005788724
-0.18005335
0.1543535
-0.047450047
0.03846663
0.097800806
0.11761571
0.05736151
-0.07476724
-0.28397995
-0.0718383
-0.14041623
0.08619376
0.08289651
0.17278828
0.0038007556
0.09529928
0.02301354
0.03864409
-0.022516202
-0.00083293254
-0.114431605
0.101990044
-0.11380354
0.07286225
0.057264652
-0.17246616
-0.11584554
-0.0473392
-0.054825142
0.027447615
-0.056629486
-0.07922213
-0.06695173
0.026942946
0.26345143
0.15320171
0.011970576
-0.14238356
0.10165209
-0.00036775178
-0.054024145
0.026017556
0.027823549
-0.16171984
-0.07072917
-0.09005724
-0.105462626
0.0013359939
0.23521091
-0.13263454
0.058990646
0.04346543
0.023577513
0.030514961
0.21295653
-0.033485714
-0.084125824
0.16196293
0.007340561
0.09665215
0.113776475
-0.18591999
-0.094111115
-0.049412362
-0.09756484
0.0995644
0.16949601
0.11167107
-0.13066757
-0.0022832889
-0.13438398
-0.042158086
0.048586566
-0.015621695
0.17353092
0.059324816
-0.036270406
0.02322097
-0.07906165
-0.07278569
0.060334925
-0.02366799
0.075726144
0.058997612
0.04764775
0.013672793
-0.14352147
-0.1929588
0.024367651
0.090124875
0.23047246
-0.086557895
-0.09702945
0.047335595
0.20177534
0.030683441
0.009512944
-0.048457578
-0.12599093
0.02904915
-0.10493776
0.06746789
-0.038919
0.03109391
-0.03226643
-0.06311358
0.03218908
0.0047586598
-0.036045462
-0.07415363
-0.002865228
0.10281591
0.018516669
-0.044161867
0.02672321
0.08192458
0.10643085
0.07710776
0.08294526
0.11261652
-0.011951251
-0.121833116
-0.23497267
-0.02858146
0.087447375
0.013041582
-0.120637245
0.21365526
0.035295427
0.023010226
0.060684692
-0.19748574
0.049701754
-0.03702514
0.1616447
-0.069713324
-0.057202887
-0.03602706
0.09239801
0.13876379
0.14267305
-0.14567931
-0.0022771256
-0.04576819
-0.05406074
-0.019976752
-0.07341126
-0.108609095
0.1322047
0.018713156
0.017602881
-0.00019020274
-0.12316778
-0.102705516
0.017150931
0.2350443
0.011001325
-0.0076845
-0.019834599
0.013986741
0.04550162
-0.029706804
0.040409487
-0.03928996
-0.1598863
-0.021356165
-0.123700775
0.041039407
-0.055477552
-0.17150079
0.0033138255
-0.022504723
-0.18218726
0.06883599
-0.10161109
0.027529392
0.09151333
-0.0352408
-0.0021994386
-0.13745466
0.0161959
-0.06500418
0.17260335
-0.0138841765
0.04196213
0.25748336
0.07719744
0.061388746
0.124540575
0.012409465
-0.24671403
-0.12580712
-0.08586215
-0.08999035
-0.18701875
0.23104018
0.045091067
0.0019001653
0.0797481
0.0018326343
0.07826544
-0.077817425
0.0024752016
0.060156632
-0.114026725
-0.10530256
-0.03916459
-0.03781917
-0.23484927
0.040262822
0.018260848
0.010988002
-0.18023694
-0.049043708
-0.0011348736
0.11754635
0.10209818
-0.13038534
-0.022152824
0.13260561
0.064245135
0.112356484
-0.1324932
0.10089053
-0.026774008
0.10865833
0.028992554
0.039735496
0.08983125
-0.024742695
0.06886101
0.025940401
0.029525945
0.025193354
0.031189246
0.13296743
0.05261552
-0.10458773
