0.0121100815
-0.006418296
0.12087181
0.08402297
0.0645922
-0.0069694133
0.2170865
0.08933283
0.042775977
-0.038540788
-0.16829458
-0.072493516
0.07972628
-0.009207653
0.07583915
-0.066520445
-0.23435354
0.07142604
-0.18452266
0.12702611
-0.06645161
0.033260647
0.11271805
0.18630452
0.10108749
-0.07982823
-0.29570314
-0.0735503
-0.12775324
0.093668595
0.06965485
0.18806535
0.029753873
0.06736226
0.021292798
0.04768525
-0.007050389
-0.031361576
-0.10574104
0.14823116
-0.11588042
0.102924034
0.07941237
-0.14554848
-0.07323745
-0.073132984
