0.876810794939577
0.876810794939577
223.7073291163142
0.40674290407854985
1.0521490096299093
0.21778691050320997
804.8498857628399
829.2921978851965
717.2037348942598
112.08821519070996
776.5893731117825
117.92931565023602
806.9478427114805
124.8933212172772
0.8982809648791542
0.5623798626321752
0.4270989473187311
0.004258048278889728
0.19051983752360271
0.5117854324018126
0.07005819765993203
0.21863836480362536
0.004332399678524942
0.004667305523036254
0.0175904448168429
0.12853176652190335
0.8493606731495468
0.011439240842145013
0.00032997725736404833
0.010339307883308156
195.16031712613292
31.019513026340636
226.39700339879155
0.8805033374244713
0.47627738727341384
658.6601161253776
0.003949810548527191
0.3685388313821752
0.29883046355740184
0.10295397140294561
0.16290040596676736
0.061567574403172204
0.0052106479040785495
556.6136352907856
716.6361140483384
0.8664656397092144
