0.011585402
0.070860535
0.1371747
0.10835531
0.044957753
0.0009787133
0.18158734
0.074346304
0.044622134
-0.03508018
-0.15635736
-0.026362425
0.119710855
-0.013271372
0.0904107
-0.06109011
-0.24565846
0.03912424
-0.24221848
0.1549655
-0.06697327
0.024718348
0.14487429
0.14819852
0.00900619
-0.009610249
-0.33193657
-0.08741997
-0.13795479
0.07068421
0.0449926
0.22075285
0.025099078
0.04657121
-0.007831141
0.042652134
-0.07027162
-0.0024593843
-0.083407015
0.1560972
-0.106509976
0.0851934
0.06147795
-0.17149703
-0.14404291
-0.042237118
-0.065239646
0.06332971
-0.08222945
-0.11720232
-0.055737123
-0.01803097
0.2822121
0.14671294
0.02462256
-0.1266066
0.12047302
-0.0060337433
-0.118106246
0.01356076
0.03017947
-0.15787253
-0.12715855
-0.053969275
-0.1270175
-0.031109048
0.26611328
-0.2110294
0.07780802
0.03566025
0.046150647
0.0061479663
0.20306788
-0.0011617563
-0.057504196
0.1328868
0.05799302
0.10004484
0.098422125
-0.21117228
-0.1481938
0.05174534
-0.074515484
0.13867585
0.20683628
0.095022276
-0.08694482
0.0010867799
-0.10442283
-0.07335867
0.11778062
-0.05171405
0.13348687
0.12796746
-0.02541825
0.039793156
-0.014113309
-0.013031159
0.021770539
-0.018469384
0.09528859
0.049013115
0.028236127
0.034502994
-0.13514046
-0.14189917
0.04594635
0.05605223
0.21121894
-0.055181738
-0.078773774
0.058098566
0.2573221
0.052956127
0.018958034
-0.030721566
-0.10437701
-0.09412407
-0.16317523
0.04623848
0.024440104
0.01220759
-0.006624675
-0.04303137
-0.017356046
-0.075863436
-0.04059315
-0.061643258
0.09848844
0.17207588
0.0033121398
0.00958635
0.019412147
0.069160886
0.10488162
0.05296553
0.06063075
0.117279515
-0.0006478665
-0.11790938
-0.2495481
-0.00011460147
0.04354331
0.0036591056
-0.12996343
0.19481227
0.092395656
0.0050767534
0.056392435
-0.1251348
0.029913418
-0.018614152
0.1602497
-0.09430866
-0.11669143
-0.0328785
0.14206137
0.11665478
0.17793572
-0.1391286
-0.013689398
-0.08896388
-0.08033766
0.09233581
-0.09224552
-0.07247903
0.11351164
0.013812531
0.024109298
-0.003385047
-0.03760764
-0.1019506
0.011426107
0.20154516
-0.012364594
-0.027070247
-0.039260637
0.077872746
0.070876755
-0.019270305
0.030734284
-0.0939808
-0.15283537
-0.014536735
-0.12803803
0.005284271
-0.05904607
-0.14722197
-0.015258018
-0.01457037
-0.15786578
0.08379725
-0.11701785
0.043626975
0.07615004
-0.063273035
0.014460603
-0.11460342
0.06479704
-0.06785986
