0.04823348532992405
0.04823348532992405
62.83934789400986
0.11425403477982583
0.9381902838489149
0.1168422931269966
133.24996694349312
145.35784203019315
87.07634899180812
77.80255116465622
117.25920739218614
93.53040797837251
145.03642807348874
136.7486337245571
0.1308901008193439
0.22025766935203592
0.21135252531100765
0.0033395361290867154
0.09773210532333906
0.10297655320091474
0.03825109366922256
0.042354745052060876
0.01100459043168956
0.00030989511892031557
0.01777708823496117
0.042468239961767934
0.041390703894386434
0.000557450123645436
1.6080279366361423e-05
0.0005038699093859128
52.867054587255495
34.38981436084312
69.15807081193088
0.13284344079362145
0.16104346780479187
74.64460246835228
0.0033002475226724124
0.08290885165090195
0.06717991092544631
0.03739557556308483
0.047272212576458694
0.046066312796261034
0.0006617817285322797
147.59531035004886
112.19072828428511
0.15959148800178885
