-0.008833781
0.088572554
0.07041563
0.07560971
-0.06017499
-0.2816446
0.3551025
-0.00854863
0.23751383
0.08539908
0.049146507
-0.18391657
0.24367274
-0.2264233
0.11540632
0.39859372
-0.18528008
0.014109407
-0.1984906
0.1288017
-0.22870873
-0.063619465
0.11938603
0.17276333
0.22895437
-0.037567828
-0.41939068
0.021120338
-0.18059263
0.06768333
0.18571517
0.30268276
-0.077749886
0.048012678
0.15213002
0.29949725
0.007544105
-0.058836177
-0.23223703
-0.041148674
-0.057761542
0.071369596
0.100624755
-0.14670308
0.008775053
-0.10231776
-0.17705236
-0.04875933
-0.009769828
0.00067345484
0.11223168
-0.020235868
0.11841919
0.12210689
0.18373543
-0.16720073
0.105607495
-0.0070126504
-0.11708632
0.06403035
0.23161532
-0.20166007
-0.09192612
-0.061100386
-0.17560755
0.006750417
0.11355861
-0.22365408
0.2774018
-0.0040864036
0.044321842
0.094015755
0.20573607
-0.031625204
0.06701532
0.15047204
0.15316176
0.17067644
0.13120537
-0.13346556
-0.21429546
-0.10495072
0.13997594
0.19882967
0.1720077
0.28125575
-0.11564409
0.14598708
-0.05465737
-0.14558652
0.21521421
-0.04945996
0.1480686
0.23316368
0.033651493
0.008573308
-0.09866997
-0.210529
0.2846081
-0.1281701
-0.068215445
0.050742373
-0.109213576
0.05907537
-0.13264783
-0.37869874
0.0053565395
-0.042261757
0.20702995
-0.03241477
-0.040415708
0.10924285
0.51346135
-0.025009634
-0.05239266
0.020344554
-0.1775509
-0.0050547943
0.09375878
0.09833282
0.21831805
0.041653972
0.102783434
-0.093214616
0.031509534
-0.117840305
-0.28152332
-0.105822764
0.030288793
0.24642228
0.118474334
0.07268687
-0.0064389165
-0.015437097
0.11213719
0.24948215
-0.029160982
0.011835113
0.07011156
-0.19541296
-0.092894256
0.045815837
0.08241642
0.15912752
-0.08493235
0.4309329
0.101816095
0.05118191
0.08917774
-0.25394648
-0.013984165
0.13962778
0.115148485
-0.044022553
0.048230972
-0.13260901
0.03539624
0.1671155
0.15726365
-0.0140966065
0.076440044
0.07010227
0.005114486
0.09269434
-0.23917164
-0.0394596
0.10063452
-0.0049144737
0.014044918
-0.13172923
-0.18833262
-0.0036489132
-0.16091263
0.3612303
-0.11218611
-0.2211491
-0.10858609
0.11390256
0.08588232
0.023308948
0.22027205
0.150212
0.06415209
0.077947944
-0.055496957
0.12324828
0.052550115
-0.2096206
-0.09819382
-0.00223556
-0.14313152
0.093075514
-0.021371586
0.27174124
0.033149436
0.019951021
0.25125587
0.06338327
0.12552248
-0.05757948
