3.151074126864481073e+00 4.175540776406942101e+00 4.038157591240295829e+00
1.367763861236996448e+00 1.267164198479855486e+01 8.601270767413649310e+01
-4.929217157135411753e+00 1.823536811746713227e+00 2.418880886531385954e+02
5.061236270901678935e+00 1.238779132657571402e+01 1.372424262834126125e+02
-2.949401154725705521e+00 8.626399941408749328e+00 1.075876011280770861e+01
8.369829314683959964e+00 3.138031831757843726e+00 7.249648689226332543e+00
-2.220076706748874251e+00 1.625653356963827179e+00 7.719882478999134889e+01
-1.704537610625117772e+00 1.467935677061054456e+01 3.998203980654665912e+01
7.175247236339849621e+00 2.579115190988913398e+00 1.784535266712891755e+01
7.243371230887598600e+00 4.111106205625487675e+00 2.369378388987889039e+01
1.475562754946825095e+00 1.410044729433561983e+01 1.142920504449182175e+02
7.264740681650911469e+00 5.041679251813480533e+00 2.967031465998437767e+01
-2.368843193864949903e+00 5.592480694348847869e+00 2.715826796553408329e+01
-4.914672389711398637e+00 3.786395301672606628e+00 1.849934568837200288e+02
6.934937627099310831e+00 2.288245686950851621e-01 1.853023630009757028e+01
3.982650653927393591e+00 9.057068085642804078e+00 5.756980370876892295e+01
-3.422784718819155358e+00 5.729151674146651274e+00 5.307023980914541994e+01
-4.452859151111466574e+00 1.335617345163113612e+01 1.278827939659930379e+01
9.713812855184672301e+00 8.991298322705587598e-01 4.145678567596120523e+00
8.358189170927561307e+00 8.653522491000492423e+00 5.340556880750022373e+01
6.137195336469659424e+00 9.452759047130641079e+00 8.930018401677850193e+01
3.727632885981668309e+00 3.065869804038473534e-01 4.420723590941594061e+00
-1.849601334907091221e+00 8.170273172679712204e+00 8.834312347797709464e+00
6.536727566584774607e+00 3.760428437075939101e+00 2.628627977145188410e+01
-7.115646438970300025e-01 1.278592631761959453e+01 4.849861000723357307e+01
9.625097404098813314e+00 1.327279940236658362e+01 1.134579077455299796e+02
3.926176590535339628e-01 8.982884188136207371e+00 3.174396655875439066e+01
3.219341748594963803e-01 5.102853230559686537e+00 1.926736487657722563e+01
-2.328785157412927020e+00 3.565413129360756717e+00 5.020348579924742438e+01
-4.327065763088370431e+00 7.581471444536838966e+00 6.604577207706378772e+01
