8.000000000000000444e-01 0.000000000000000000e+00 1.000000000000000000e+00
8.000000000000000444e-01 5.000000000000000000e-01 1.000659281281906399e+00
8.000000000000000444e-01 1.000000000000000000e+00 1.005099976499200132e+00
8.000000000000000444e-01 1.500000000000000000e+00 1.016264915904626420e+00
8.000000000000000444e-01 2.000000000000000000e+00 1.035567176682167023e+00
8.000000000000000444e-01 2.500000000000000000e+00 1.062469534783923697e+00
8.000000000000000444e-01 3.000000000000000000e+00 1.094413210052854968e+00
8.000000000000000444e-01 3.500000000000000000e+00 1.127116857932553229e+00
8.000000000000000444e-01 4.000000000000000000e+00 1.155205130907555944e+00
8.000000000000000444e-01 4.500000000000000000e+00 1.173070518801592410e+00
8.000000000000000444e-01 5.000000000000000000e+00 1.175831582140949738e+00
8.000000000000000444e-01 5.500000000000000000e+00 1.160231760120333133e+00
8.000000000000000444e-01 6.000000000000000000e+00 1.125328884280166974e+00
8.000000000000000444e-01 6.500000000000000000e+00 1.072855634920202972e+00
8.000000000000000444e-01 7.000000000000000000e+00 1.007180869083992736e+00
8.000000000000000444e-01 7.500000000000000000e+00 9.348633218678129575e-01
8.000000000000000444e-01 8.000000000000000000e+00 8.638530054006996473e-01
8.000000000000000444e-01 8.500000000000000000e+00 8.024516590457084764e-01
8.000000000000000444e-01 9.000000000000000000e+00 7.581829690140197142e-01
8.000000000000000444e-01 9.500000000000000000e+00 7.367396785238879975e-01
8.000000000000000444e-01 1.000000000000000000e+01 7.411654270682663803e-01
8.000000000000000444e-01 1.050000000000000000e+01 7.713954771722228987e-01
8.000000000000000444e-01 1.100000000000000000e+01 8.242275165328831754e-01
8.000000000000000444e-01 1.150000000000000000e+01 8.937295960924042104e-01
8.000000000000000444e-01 1.200000000000000000e+01 9.720268701645846665e-01
8.000000000000000444e-01 1.250000000000000000e+01 1.050352242503926004e+00
8.000000000000000444e-01 1.300000000000000000e+01 1.120207020515503471e+00
8.000000000000000444e-01 1.350000000000000000e+01 1.174462230575946675e+00
8.000000000000000444e-01 1.400000000000000000e+01 1.208241670471936313e+00
8.000000000000000444e-01 1.450000000000000000e+01 1.219462359116627370e+00
8.000000000000000444e-01 1.500000000000000000e+01 1.208961321111796661e+00
8.000000000000000444e-01 1.550000000000000000e+01 1.180201253541147688e+00
8.000000000000000444e-01 1.600000000000000000e+01 1.138611627640602197e+00
8.000000000000000444e-01 1.650000000000000000e+01 1.090676227864176395e+00
8.000000000000000444e-01 1.700000000000000000e+01 1.042914622086265508e+00
8.000000000000000444e-01 1.750000000000000000e+01 1.000918048237111613e+00
8.000000000000000444e-01 1.800000000000000000e+01 9.685878769064136806e-01
8.000000000000000444e-01 1.850000000000000000e+01 9.476893445367566837e-01
8.000000000000000444e-01 1.900000000000000000e+01 9.377804634263905426e-01
8.000000000000000444e-01 1.950000000000000000e+01 9.365144244005045859e-01
8.000000000000000444e-01 2.000000000000000000e+01 9.402532860761101396e-01
8.000000000000000444e-01 2.050000000000000000e+01 9.448809429436182405e-01
8.000000000000000444e-01 2.100000000000000000e+01 9.466721864232647832e-01
8.000000000000000444e-01 2.150000000000000000e+01 9.430670233198472641e-01
8.000000000000000444e-01 2.200000000000000000e+01 9.332164274294357798e-01
8.000000000000000444e-01 2.250000000000000000e+01 9.182045590516572098e-01
8.000000000000000444e-01 2.300000000000000000e+01 9.009068864174778479e-01
8.000000000000000444e-01 2.350000000000000000e+01 8.855047876466559664e-01
8.000000000000000444e-01 2.400000000000000000e+01 8.767352207568621658e-01
8.000000000000000444e-01 2.450000000000000000e+01 8.789995294320063213e-01
8.000000000000000444e-01 2.500000000000000000e+01 8.954809962574822313e-01
8.000000000000000444e-01 2.550000000000000000e+01 9.274221246427840626e-01
8.000000000000000444e-01 2.600000000000000000e+01 9.736894384456805662e-01
8.000000000000000444e-01 2.650000000000000000e+01 1.030709369994174507e+00
8.000000000000000444e-01 2.700000000000000000e+01 1.092800470854118355e+00
8.000000000000000444e-01 2.750000000000000000e+01 1.152863919772739276e+00
8.000000000000000444e-01 2.800000000000000000e+01 1.203336148946997808e+00
8.000000000000000444e-01 2.850000000000000000e+01 1.237263642857093782e+00
8.000000000000000444e-01 2.900000000000000000e+01 1.249337641439387969e+00
8.000000000000000444e-01 2.950000000000000000e+01 1.236729314221962861e+00
8.000000000000000444e-01 3.000000000000000000e+01 1.199593733975180543e+00
9.000000000000000222e-01 0.000000000000000000e+00 1.000000000000000000e+00
9.000000000000000222e-01 5.000000000000000000e-01 1.000832627972519484e+00
9.000000000000000222e-01 1.000000000000000000e+00 1.006399567310185095e+00
9.000000000000000222e-01 1.500000000000000000e+00 1.020187836535161541e+00
9.000000000000000222e-01 2.000000000000000000e+00 1.043457154249858521e+00
9.000000000000000222e-01 2.500000000000000000e+00 1.074740107692582214e+00
9.000000000000000222e-01 3.000000000000000000e+00 1.109937498757868068e+00
9.000000000000000222e-01 3.500000000000000000e+00 1.143002121121983183e+00
9.000000000000000222e-01 4.000000000000000000e+00 1.167083056287765430e+00
9.000000000000000222e-01 4.500000000000000000e+00 1.175906366780536505e+00
9.000000000000000222e-01 5.000000000000000000e+00 1.165116248155981804e+00
9.000000000000000222e-01 5.500000000000000000e+00 1.133303890141644343e+00
9.000000000000000222e-01 6.000000000000000000e+00 1.082509147487265455e+00
9.000000000000000222e-01 6.500000000000000000e+00 1.018081383760455205e+00
9.000000000000000222e-01 7.000000000000000000e+00 9.479105947059732751e-01
9.000000000000000222e-01 7.500000000000000000e+00 8.811634818959686033e-01
9.000000000000000222e-01 8.000000000000000000e+00 8.267570428693676865e-01
9.000000000000000222e-01 8.500000000000000000e+00 7.918550210046531035e-01
9.000000000000000222e-01 9.000000000000000000e+00 7.806696767519611946e-01
9.000000000000000222e-01 9.500000000000000000e+00 7.937932714892097508e-01
9.000000000000000222e-01 1.000000000000000000e+01 8.281817891364405826e-01
9.000000000000000222e-01 1.050000000000000000e+01 8.777878168998406450e-01
9.000000000000000222e-01 1.100000000000000000e+01 9.347149086583710353e-01
9.000000000000000222e-01 1.150000000000000000e+01 9.906666813760804935e-01
9.000000000000000222e-01 1.200000000000000000e+01 1.038409776783712601e+00
9.000000000000000222e-01 1.250000000000000000e+01 1.072971148835097699e+00
9.000000000000000222e-01 1.300000000000000000e+01 1.092346393413338390e+00
9.000000000000000222e-01 1.350000000000000000e+01 1.097595610722216675e+00
9.000000000000000222e-01 1.400000000000000000e+01 1.092326566734412197e+00
9.000000000000000222e-01 1.450000000000000000e+01 1.081687070324807154e+00
9.000000000000000222e-01 1.500000000000000000e+01 1.071085176649876569e+00
9.000000000000000222e-01 1.550000000000000000e+01 1.064907876292196187e+00
9.000000000000000222e-01 1.600000000000000000e+01 1.065506103628172330e+00
9.000000000000000222e-01 1.650000000000000000e+01 1.072656953938447622e+00
9.000000000000000222e-01 1.700000000000000000e+01 1.083614518449330655e+00
9.000000000000000222e-01 1.750000000000000000e+01 1.093738814511495461e+00
9.000000000000000222e-01 1.800000000000000000e+01 1.097572476236630790e+00
9.000000000000000222e-01 1.850000000000000000e+01 1.090141327196580079e+00
9.000000000000000222e-01 1.900000000000000000e+01 1.068206579412977586e+00
9.000000000000000222e-01 1.950000000000000000e+01 1.031203060382224201e+00
9.000000000000000222e-01 2.000000000000000000e+01 9.816584216476542668e-01
9.000000000000000222e-01 2.050000000000000000e+01 9.249907942198308808e-01
9.000000000000000222e-01 2.100000000000000000e+01 8.687064687339072222e-01
9.000000000000000222e-01 2.150000000000000000e+01 8.211401578410146840e-01
9.000000000000000222e-01 2.200000000000000000e+01 7.899740626456664971e-01
9.000000000000000222e-01 2.250000000000000000e+01 7.808195038949240496e-01
9.000000000000000222e-01 2.300000000000000000e+01 7.961366093707893388e-01
9.000000000000000222e-01 2.350000000000000000e+01 8.347048576174314061e-01
9.000000000000000222e-01 2.400000000000000000e+01 8.917523598526650996e-01
9.000000000000000222e-01 2.450000000000000000e+01 9.597252105276000700e-01
9.000000000000000222e-01 2.500000000000000000e+01 1.029554963170135062e+00
9.000000000000000222e-01 2.550000000000000000e+01 1.092186577292602712e+00
9.000000000000000222e-01 2.600000000000000000e+01 1.140079875175691315e+00
9.000000000000000222e-01 2.650000000000000000e+01 1.168404302747014123e+00
9.000000000000000222e-01 2.700000000000000000e+01 1.175708169427118754e+00
9.000000000000000222e-01 2.750000000000000000e+01 1.163947306844256957e+00
9.000000000000000222e-01 2.800000000000000000e+01 1.137883629549353737e+00
9.000000000000000222e-01 2.850000000000000000e+01 1.103986530271507061e+00
9.000000000000000222e-01 2.900000000000000000e+01 1.069065204400510005e+00
9.000000000000000222e-01 2.950000000000000000e+01 1.038909163837152594e+00
9.000000000000000222e-01 3.000000000000000000e+01 1.017207854061649819e+00
1.000000000000000000e+00 0.000000000000000000e+00 1.000000000000000000e+00
1.000000000000000000e+00 5.000000000000000000e-01 1.001025491993656313e+00
1.000000000000000000e+00 1.000000000000000000e+00 1.007825339493367389e+00
1.000000000000000000e+00 1.500000000000000000e+00 1.024385502229507638e+00
1.000000000000000000e+00 2.000000000000000000e+00 1.051576302852674116e+00
1.000000000000000000e+00 2.500000000000000000e+00 1.086633139640481138e+00
1.000000000000000000e+00 3.000000000000000000e+00 1.123591331009882843e+00
1.000000000000000000e+00 3.500000000000000000e+00 1.154583674762499568e+00
1.000000000000000000e+00 4.000000000000000000e+00 1.171693156597286123e+00
1.000000000000000000e+00 4.500000000000000000e+00 1.168911767429396065e+00
1.000000000000000000e+00 5.000000000000000000e+00 1.143724570858070111e+00
1.000000000000000000e+00 5.500000000000000000e+00 1.097924153978337092e+00
1.000000000000000000e+00 6.000000000000000000e+00 1.037443700954577386e+00
1.000000000000000000e+00 6.500000000000000000e+00 9.712326495234645529e-01
1.000000000000000000e+00 7.000000000000000000e+00 9.094297963934647733e-01
1.000000000000000000e+00 7.500000000000000000e+00 8.612584923827049099e-01
1.000000000000000000e+00 8.000000000000000000e+00 8.331357841840507650e-01
1.000000000000000000e+00 8.500000000000000000e+00 8.274356113946228497e-01
1.000000000000000000e+00 9.000000000000000000e+00 8.421880852952032814e-01
1.000000000000000000e+00 9.500000000000000000e+00 8.717710361674035902e-01
1.000000000000000000e+00 1.000000000000000000e+01 9.084115041042062355e-01
1.000000000000000000e+00 1.050000000000000000e+01 9.441217848745656616e-01
1.000000000000000000e+00 1.100000000000000000e+01 9.725939703606614195e-01
1.000000000000000000e+00 1.150000000000000000e+01 9.905929346459941831e-01
1.000000000000000000e+00 1.200000000000000000e+01 9.985161281068388739e-01
1.000000000000000000e+00 1.250000000000000000e+01 9.999975642837390932e-01
1.000000000000000000e+00 1.300000000000000000e+01 1.000671529289932637e+00
1.000000000000000000e+00 1.350000000000000000e+01 1.006420248067307677e+00
1.000000000000000000e+00 1.400000000000000000e+01 1.021557722782847177e+00
1.000000000000000000e+00 1.450000000000000000e+01 1.047417780166555179e+00
1.000000000000000000e+00 1.500000000000000000e+01 1.081714140892823917e+00
1.000000000000000000e+00 1.550000000000000000e+01 1.118848671752303847e+00
1.000000000000000000e+00 1.600000000000000000e+01 1.151107987327455451e+00
1.000000000000000000e+00 1.650000000000000000e+01 1.170466250856520229e+00
1.000000000000000000e+00 1.700000000000000000e+01 1.170558114475102496e+00
1.000000000000000000e+00 1.750000000000000000e+01 1.148338260865102933e+00
1.000000000000000000e+00 1.800000000000000000e+01 1.105014947817012594e+00
1.000000000000000000e+00 1.850000000000000000e+01 1.046017305948698572e+00
1.000000000000000000e+00 1.900000000000000000e+01 9.799880366275619537e-01
1.000000000000000000e+00 1.950000000000000000e+01 9.170281162023901089e-01
1.000000000000000000e+00 2.000000000000000000e+01 8.666008351662422005e-01
1.000000000000000000e+00 2.050000000000000000e+01 8.355848896607739329e-01
1.000000000000000000e+00 2.100000000000000000e+01 8.269301894347068638e-01
1.000000000000000000e+00 2.150000000000000000e+01 8.392243507376297984e-01
1.000000000000000000e+00 2.200000000000000000e+01 8.672580597459331742e-01
1.000000000000000000e+00 2.250000000000000000e+01 9.034372344958656598e-01
1.000000000000000000e+00 2.300000000000000000e+01 9.396877369865542784e-01
1.000000000000000000e+00 2.350000000000000000e+01 9.693834717550037228e-01
1.000000000000000000e+00 2.400000000000000000e+01 9.888288350670502158e-01
1.000000000000000000e+00 2.450000000000000000e+01 9.979412546601913458e-01
1.000000000000000000e+00 2.500000000000000000e+01 9.999805303596915884e-01
1.000000000000000000e+00 2.550000000000000000e+01 1.000409327682673322e+00
1.000000000000000000e+00 2.600000000000000000e+01 1.005185041544911950e+00
1.000000000000000000e+00 2.650000000000000000e+01 1.018924288822170565e+00
1.000000000000000000e+00 2.700000000000000000e+01 1.043412861646582535e+00
1.000000000000000000e+00 2.750000000000000000e+01 1.076848323597477064e+00
1.000000000000000000e+00 2.800000000000000000e+01 1.114020594872124681e+00
1.000000000000000000e+00 2.850000000000000000e+01 1.147402522830154981e+00
1.000000000000000000e+00 2.900000000000000000e+01 1.168894933017488924e+00
1.000000000000000000e+00 2.950000000000000000e+01 1.171804995683489503e+00
1.000000000000000000e+00 3.000000000000000000e+01 1.152573820293806506e+00
1.100000000000000089e+00 0.000000000000000000e+00 1.000000000000000000e+00
1.100000000000000089e+00 5.000000000000000000e-01 1.001237584873553077e+00
1.100000000000000089e+00 1.000000000000000000e+00 1.009368838924718403e+00
1.100000000000000089e+00 1.500000000000000000e+00 1.028802826456101993e+00
1.100000000000000089e+00 2.000000000000000000e+00 1.059740298907998035e+00
1.100000000000000089e+00 2.500000000000000000e+00 1.097745608728278865e+00
1.100000000000000089e+00 3.000000000000000000e+00 1.134763444330176174e+00
1.100000000000000089e+00 3.500000000000000000e+00 1.161298627198261046e+00
1.100000000000000089e+00 4.000000000000000000e+00 1.169128231989407185e+00
1.100000000000000089e+00 4.500000000000000000e+00 1.153751589208894313e+00
1.100000000000000089e+00 5.000000000000000000e+00 1.115854007648906521e+00
1.100000000000000089e+00 5.500000000000000000e+00 1.061344019161248431e+00
1.100000000000000089e+00 6.000000000000000000e+00 9.999382770645917073e-01
1.100000000000000089e+00 6.500000000000000000e+00 9.426911235853950854e-01
1.100000000000000089e+00 7.000000000000000000e+00 8.991728922774177013e-01
1.100000000000000089e+00 7.500000000000000000e+00 8.751019259052215116e-01
1.100000000000000089e+00 8.000000000000000000e+00 8.711004713111393238e-01
1.100000000000000089e+00 8.500000000000000000e+00 8.829138871697053137e-01
1.100000000000000089e+00 9.000000000000000000e+00 9.030034686668394484e-01
1.100000000000000089e+00 9.500000000000000000e+00 9.230220740767186571e-01
1.100000000000000089e+00 1.000000000000000000e+01 9.364266917979676697e-01
1.100000000000000089e+00 1.050000000000000000e+01 9.404480070157629212e-01
1.100000000000000089e+00 1.100000000000000000e+01 9.368335741201931910e-01
1.100000000000000089e+00 1.150000000000000000e+01 9.311499740214361776e-01
1.100000000000000089e+00 1.200000000000000000e+01 9.308611264677423280e-01
1.100000000000000089e+00 1.250000000000000000e+01 9.427669587950739949e-01
1.100000000000000089e+00 1.300000000000000000e+01 9.705802713786687574e-01
1.100000000000000089e+00 1.350000000000000000e+01 1.013382463111652587e+00
1.100000000000000089e+00 1.400000000000000000e+01 1.065441530024958228e+00
1.100000000000000089e+00 1.450000000000000000e+01 1.117474180372219239e+00
1.100000000000000089e+00 1.500000000000000000e+01 1.159006448979213566e+00
1.100000000000000089e+00 1.550000000000000000e+01 1.181160016609224872e+00
1.100000000000000089e+00 1.600000000000000000e+01 1.179061245028047988e+00
1.100000000000000089e+00 1.650000000000000000e+01 1.153175414580380087e+00
1.100000000000000089e+00 1.700000000000000000e+01 1.109179049007523954e+00
1.100000000000000089e+00 1.750000000000000000e+01 1.056407391047610833e+00
1.100000000000000089e+00 1.800000000000000000e+01 1.005327376199335099e+00
1.100000000000000089e+00 1.850000000000000000e+01 9.647673762184535429e-01
1.100000000000000089e+00 1.900000000000000000e+01 9.397010941104603221e-01
1.100000000000000089e+00 1.950000000000000000e+01 9.302151394141966456e-01
1.100000000000000089e+00 2.000000000000000000e+01 9.319377787430818127e-01
1.100000000000000089e+00 2.050000000000000000e+01 9.377741552703753314e-01
1.100000000000000089e+00 2.100000000000000000e+01 9.404084565349065672e-01
1.100000000000000089e+00 2.150000000000000000e+01 9.348095510026220856e-01
1.100000000000000089e+00 2.200000000000000000e+01 9.199794270578460775e-01
1.100000000000000089e+00 2.250000000000000000e+01 8.994122852231910548e-01
1.100000000000000089e+00 2.300000000000000000e+01 8.801186319459962659e-01
1.100000000000000089e+00 2.350000000000000000e+01 8.704988177213627276e-01
1.100000000000000089e+00 2.400000000000000000e+01 8.776968715883843863e-01
1.100000000000000089e+00 2.450000000000000000e+01 9.052255959475928870e-01
1.100000000000000089e+00 2.500000000000000000e+01 9.515800507077859516e-01
1.100000000000000089e+00 2.550000000000000000e+01 1.010270167823835274e+00
1.100000000000000089e+00 2.600000000000000000e+01 1.071288447249640008e+00
1.100000000000000089e+00 2.650000000000000000e+01 1.123607600660030403e+00
1.100000000000000089e+00 2.700000000000000000e+01 1.157999692908068479e+00
1.100000000000000089e+00 2.750000000000000000e+01 1.169372217459417218e+00
1.100000000000000089e+00 2.800000000000000000e+01 1.157956059878744171e+00
1.100000000000000089e+00 2.850000000000000000e+01 1.129014486138190332e+00
1.100000000000000089e+00 2.900000000000000000e+01 1.091172849498920794e+00
1.100000000000000089e+00 2.950000000000000000e+01 1.053869000209378459e+00
1.100000000000000089e+00 3.000000000000000000e+01 1.024676746201157895e+00
1.199999999999999956e+00 0.000000000000000000e+00 1.000000000000000000e+00
1.199999999999999956e+00 5.000000000000000000e-01 1.001468589688192523e+00
1.199999999999999956e+00 1.000000000000000000e+00 1.011020951597455086e+00
1.199999999999999956e+00 1.500000000000000000e+00 1.033382456798880966e+00
1.199999999999999956e+00 2.000000000000000000e+00 1.067768093259889195e+00
1.199999999999999956e+00 2.500000000000000000e+00 1.107719819078665902e+00
1.199999999999999956e+00 3.000000000000000000e+00 1.143017230814012519e+00
1.199999999999999956e+00 3.500000000000000000e+00 1.163015565289632125e+00
1.199999999999999956e+00 4.000000000000000000e+00 1.160259416800881294e+00
1.199999999999999956e+00 4.500000000000000000e+00 1.133116310592621856e+00
1.199999999999999956e+00 5.000000000000000000e+00 1.086508334994038094e+00
1.199999999999999956e+00 5.500000000000000000e+00 1.030476219365321855e+00
1.199999999999999956e+00 6.000000000000000000e+00 9.770598397728333939e-01
1.199999999999999956e+00 6.500000000000000000e+00 9.365607562228470684e-01
1.199999999999999956e+00 7.000000000000000000e+00 9.144632611154603907e-01
1.199999999999999956e+00 7.500000000000000000e+00 9.100571941063841930e-01
1.199999999999999956e+00 8.000000000000000000e+00 9.172101239907873849e-01
1.199999999999999956e+00 8.500000000000000000e+00 9.269865661098289911e-01
1.199999999999999956e+00 9.000000000000000000e+00 9.311696108069037470e-01
1.199999999999999956e+00 9.500000000000000000e+00 9.254298738885934350e-01
1.199999999999999956e+00 1.000000000000000000e+01 9.110162012844824631e-01
1.199999999999999956e+00 1.050000000000000000e+01 8.943664286666407337e-01
1.199999999999999956e+00 1.100000000000000000e+01 8.847712455759917383e-01
1.199999999999999956e+00 1.150000000000000000e+01 8.909126661121518076e-01
1.199999999999999956e+00 1.200000000000000000e+01 9.174997492994940718e-01
1.199999999999999956e+00 1.250000000000000000e+01 9.631974137880039422e-01
1.199999999999999956e+00 1.300000000000000000e+01 1.020598369030822461e+00
1.199999999999999956e+00 1.350000000000000000e+01 1.078278710763291404e+00
1.199999999999999956e+00 1.400000000000000000e+01 1.124252178344870678e+00
1.199999999999999956e+00 1.450000000000000000e+01 1.149649755803272777e+00
1.199999999999999956e+00 1.500000000000000000e+01 1.151370782741061305e+00
1.199999999999999956e+00 1.550000000000000000e+01 1.132807263778325080e+00
1.199999999999999956e+00 1.600000000000000000e+01 1.102410665365187503e+00
1.199999999999999956e+00 1.650000000000000000e+01 1.070617295818519832e+00
1.199999999999999956e+00 1.700000000000000000e+01 1.046213924545565055e+00
1.199999999999999956e+00 1.750000000000000000e+01 1.033412530276000441e+00
1.199999999999999956e+00 1.800000000000000000e+01 1.030647086029845783e+00
1.199999999999999956e+00 1.850000000000000000e+01 1.031496026160662050e+00
1.199999999999999956e+00 1.900000000000000000e+01 1.027384810097608403e+00
1.199999999999999956e+00 1.950000000000000000e+01 1.011095940845068375e+00
1.199999999999999956e+00 2.000000000000000000e+01 9.798282871868304600e-01
1.199999999999999956e+00 2.050000000000000000e+01 9.367035474328966327e-01
1.199999999999999956e+00 2.100000000000000000e+01 8.901607783298748355e-01
1.199999999999999956e+00 2.150000000000000000e+01 8.514203409178318083e-01
1.199999999999999956e+00 2.200000000000000000e+01 8.308775668799470715e-01
1.199999999999999956e+00 2.250000000000000000e+01 8.346664644152169688e-01
1.199999999999999956e+00 2.300000000000000000e+01 8.625817300167081259e-01
1.199999999999999956e+00 2.350000000000000000e+01 9.080809384418704333e-01
1.199999999999999956e+00 2.400000000000000000e+01 9.603704687976233334e-01
1.199999999999999956e+00 2.450000000000000000e+01 1.007858898634730105e+00
1.199999999999999956e+00 2.500000000000000000e+01 1.041791213636133584e+00
1.199999999999999956e+00 2.550000000000000000e+01 1.058820102064520041e+00
1.199999999999999956e+00 2.600000000000000000e+01 1.061646391362008224e+00
1.199999999999999956e+00 2.650000000000000000e+01 1.057537786901225907e+00
1.199999999999999956e+00 2.700000000000000000e+01 1.055276796894929925e+00
1.199999999999999956e+00 2.750000000000000000e+01 1.061635932905887758e+00
1.199999999999999956e+00 2.800000000000000000e+01 1.078639902477709800e+00
1.199999999999999956e+00 2.850000000000000000e+01 1.102594316324132517e+00
1.199999999999999956e+00 2.900000000000000000e+01 1.125236625103177124e+00
1.199999999999999956e+00 2.950000000000000000e+01 1.136615911324513339e+00
1.199999999999999956e+00 3.000000000000000000e+01 1.128695949738833360e+00
