-1.000000000000000000e+00 -1.000000000000000000e+00 1.519574363584746644e-33
-1.000000000000000000e+00 -7.777777777777777901e-01 7.855557992142760985e-18
-1.000000000000000000e+00 -5.555555555555555802e-01 3.819489323698944715e-18
-1.000000000000000000e+00 -3.333333333333333703e-01 -1.611881077940437254e-17
-1.000000000000000000e+00 -1.111111111111111605e-01 -3.589145932650458329e-17
-1.000000000000000000e+00 1.111111111111111605e-01 -3.589145932650458329e-17
-1.000000000000000000e+00 3.333333333333332593e-01 -1.611881077940438795e-17
-1.000000000000000000e+00 5.555555555555553582e-01 3.819489323698931619e-18
-1.000000000000000000e+00 7.777777777777776791e-01 7.855557992142760985e-18
-1.000000000000000000e+00 1.000000000000000000e+00 1.519574363584746644e-33
-7.777777777777777901e-01 -1.000000000000000000e+00 7.855557992142760985e-18
-7.777777777777777901e-01 -7.777777777777777901e-01 4.060991870272260412e-02
-7.777777777777777901e-01 -5.555555555555555802e-01 1.974514745820391340e-02
-7.777777777777777901e-01 -3.333333333333333703e-01 -8.332744739341292617e-02
-7.777777777777777901e-01 -1.111111111111111605e-01 -1.855436936280385751e-01
-7.777777777777777901e-01 1.111111111111111605e-01 -1.855436936280385751e-01
-7.777777777777777901e-01 3.333333333333332593e-01 -8.332744739341300944e-02
-7.777777777777777901e-01 5.555555555555553582e-01 1.974514745820384748e-02
-7.777777777777777901e-01 7.777777777777776791e-01 4.060991870272260412e-02
-7.777777777777777901e-01 1.000000000000000000e+00 7.855557992142760985e-18
-5.555555555555555802e-01 -1.000000000000000000e+00 3.819489323698944715e-18
-5.555555555555555802e-01 -7.777777777777777901e-01 1.974514745820391340e-02
-5.555555555555555802e-01 -5.555555555555555802e-01 9.600384846869404465e-03
-5.555555555555555802e-01 -3.333333333333333703e-01 -4.051504629060883461e-02
-5.555555555555555802e-01 -1.111111111111111605e-01 -9.021410797308034024e-02
-5.555555555555555802e-01 1.111111111111111605e-01 -9.021410797308034024e-02
-5.555555555555555802e-01 3.333333333333332593e-01 -4.051504629060887624e-02
-5.555555555555555802e-01 5.555555555555553582e-01 9.600384846869373240e-03
-5.555555555555555802e-01 7.777777777777776791e-01 1.974514745820391340e-02
-5.555555555555555802e-01 1.000000000000000000e+00 3.819489323698944715e-18
-3.333333333333333703e-01 -1.000000000000000000e+00 -1.611881077940437254e-17
-3.333333333333333703e-01 -7.777777777777777901e-01 -8.332744739341292617e-02
-3.333333333333333703e-01 -5.555555555555555802e-01 -4.051504629060883461e-02
-3.333333333333333703e-01 -3.333333333333333703e-01 1.709794973964449127e-01
-3.333333333333333703e-01 -1.111111111111111605e-01 3.807169003008461505e-01
-3.333333333333333703e-01 1.111111111111111605e-01 3.807169003008461505e-01
-3.333333333333333703e-01 3.333333333333332593e-01 1.709794973964450793e-01
-3.333333333333333703e-01 5.555555555555553582e-01 -4.051504629060869583e-02
-3.333333333333333703e-01 7.777777777777776791e-01 -8.332744739341292617e-02
-3.333333333333333703e-01 1.000000000000000000e+00 -1.611881077940437254e-17
-1.111111111111111605e-01 -1.000000000000000000e+00 -3.589145932650458329e-17
-1.111111111111111605e-01 -7.777777777777777901e-01 -1.855436936280385751e-01
-1.111111111111111605e-01 -5.555555555555555802e-01 -9.021410797308034024e-02
-1.111111111111111605e-01 -3.333333333333333703e-01 3.807169003008461505e-01
-1.111111111111111605e-01 -1.111111111111111605e-01 8.477353155308678945e-01
-1.111111111111111605e-01 1.111111111111111605e-01 8.477353155308678945e-01
-1.111111111111111605e-01 3.333333333333332593e-01 3.807169003008465391e-01
-1.111111111111111605e-01 5.555555555555553582e-01 -9.021410797308003493e-02
-1.111111111111111605e-01 7.777777777777776791e-01 -1.855436936280385751e-01
-1.111111111111111605e-01 1.000000000000000000e+00 -3.589145932650458329e-17
1.111111111111111605e-01 -1.000000000000000000e+00 -3.589145932650458329e-17
1.111111111111111605e-01 -7.777777777777777901e-01 -1.855436936280385751e-01
1.111111111111111605e-01 -5.555555555555555802e-01 -9.021410797308034024e-02
1.111111111111111605e-01 -3.333333333333333703e-01 3.807169003008461505e-01
1.111111111111111605e-01 -1.111111111111111605e-01 8.477353155308678945e-01
1.111111111111111605e-01 1.111111111111111605e-01 8.477353155308678945e-01
1.111111111111111605e-01 3.333333333333332593e-01 3.807169003008465391e-01
1.111111111111111605e-01 5.555555555555553582e-01 -9.021410797308003493e-02
1.111111111111111605e-01 7.777777777777776791e-01 -1.855436936280385751e-01
1.111111111111111605e-01 1.000000000000000000e+00 -3.589145932650458329e-17
3.333333333333332593e-01 -1.000000000000000000e+00 -1.611881077940438795e-17
3.333333333333332593e-01 -7.777777777777777901e-01 -8.332744739341300944e-02
3.333333333333332593e-01 -5.555555555555555802e-01 -4.051504629060887624e-02
3.333333333333332593e-01 -3.333333333333333703e-01 1.709794973964450793e-01
3.333333333333332593e-01 -1.111111111111111605e-01 3.807169003008465391e-01
3.333333333333332593e-01 1.111111111111111605e-01 3.807169003008465391e-01
3.333333333333332593e-01 3.333333333333332593e-01 1.709794973964452458e-01
3.333333333333332593e-01 5.555555555555553582e-01 -4.051504629060873747e-02
3.333333333333332593e-01 7.777777777777776791e-01 -8.332744739341300944e-02
3.333333333333332593e-01 1.000000000000000000e+00 -1.611881077940438795e-17
5.555555555555553582e-01 -1.000000000000000000e+00 3.819489323698931619e-18
5.555555555555553582e-01 -7.777777777777777901e-01 1.974514745820384748e-02
5.555555555555553582e-01 -5.555555555555555802e-01 9.600384846869373240e-03
5.555555555555553582e-01 -3.333333333333333703e-01 -4.051504629060869583e-02
5.555555555555553582e-01 -1.111111111111111605e-01 -9.021410797308003493e-02
5.555555555555553582e-01 1.111111111111111605e-01 -9.021410797308003493e-02
5.555555555555553582e-01 3.333333333333332593e-01 -4.051504629060873747e-02
5.555555555555553582e-01 5.555555555555553582e-01 9.600384846869340280e-03
5.555555555555553582e-01 7.777777777777776791e-01 1.974514745820384748e-02
5.555555555555553582e-01 1.000000000000000000e+00 3.819489323698931619e-18
7.777777777777776791e-01 -1.000000000000000000e+00 7.855557992142760985e-18
7.777777777777776791e-01 -7.777777777777777901e-01 4.060991870272260412e-02
7.777777777777776791e-01 -5.555555555555555802e-01 1.974514745820391340e-02
7.777777777777776791e-01 -3.333333333333333703e-01 -8.332744739341292617e-02
7.777777777777776791e-01 -1.111111111111111605e-01 -1.855436936280385751e-01
7.777777777777776791e-01 1.111111111111111605e-01 -1.855436936280385751e-01
7.777777777777776791e-01 3.333333333333332593e-01 -8.332744739341300944e-02
7.777777777777776791e-01 5.555555555555553582e-01 1.974514745820384748e-02
7.777777777777776791e-01 7.777777777777776791e-01 4.060991870272260412e-02
7.777777777777776791e-01 1.000000000000000000e+00 7.855557992142760985e-18
1.000000000000000000e+00 -1.000000000000000000e+00 1.519574363584746644e-33
1.000000000000000000e+00 -7.777777777777777901e-01 7.855557992142760985e-18
1.000000000000000000e+00 -5.555555555555555802e-01 3.819489323698944715e-18
1.000000000000000000e+00 -3.333333333333333703e-01 -1.611881077940437254e-17
1.000000000000000000e+00 -1.111111111111111605e-01 -3.589145932650458329e-17
1.000000000000000000e+00 1.111111111111111605e-01 -3.589145932650458329e-17
1.000000000000000000e+00 3.333333333333332593e-01 -1.611881077940438795e-17
1.000000000000000000e+00 5.555555555555553582e-01 3.819489323698931619e-18
1.000000000000000000e+00 7.777777777777776791e-01 7.855557992142760985e-18
1.000000000000000000e+00 1.000000000000000000e+00 1.519574363584746644e-33
